79
79
79
79
79
79
79
79
79
79
79
79
79
79
79
79
79
79
79
79
8970
8970
8970
8970
15218
17295
8970
8970
8970
8970
8970
8970
8970
8970
8970
15722
8970
8970
8970
8970
8970
8970
1510
8970
15218
8724
8724
8724
15218
11839
8724
15218
15218
15218
17295
8724
15218
15218
15218
17295
642
15218
15218
8724
15218
17295
15722
8724
15218
11191
8724
17295
17295
17295
17295
17295
17295
17295
17295
17295
17295
15218
8724
17295
15218
15218
15218
15218
15218
15218
15722
15722
15722
8230
1510
1510
8724
8724
8724
8724
8724
8724
17295
8724
8724
8724
8724
15722
8230
8230
8230
8230
8230
8230
8230
8230
8230
8230
8230
8230
8230
8230
8230
8230
8230
8230
8230
8724
5862
17295
17295
1510
1510
1510
17295
17295
11191
5862
1510
1510
1510
11839
11839
11839
11839
1657
1510
15949
15949
15949
15949
15949
15949
15949
15949
15949
15949
15949
1510
17778
17778
17778
17778
17778
17778
17778
17778
17778
17778
17778
17778
17778
17778
17778
17778
17778
17778
17778
17778
1657
1657
1510
1510
17567
17567
1657
1510
11839
11839
17567
17567
17567
17567
17567
17567
17567
17567
17567
17567
17567
17567
17567
17567
17567
17567
17567
17567
11191
15722
14590
14869
14869
5862
5862
5862
5862
5862
5862
5862
1510
1510
5862
5862
1510
1510
13944
13944
14668
14668
14668
14668
15722
1657
13944
13944
13944
13944
13944
15722
1510
1510
15722
1657
1657
13944
13944
13944
13944
13944
11191
11191
11191
13944
13944
13944
11839
13944
13944
13944
13944
14319
14319
14694
14319
14319
14319
14319
14319
14319
14319
14319
14319
14319
14319
14319
14319
14319
14319
14319
14319
14319
11839
11839
11839
11839
14694
14694
1657
13944
1657
1657
1657
1657
1657
1657
1657
1657
1657
13041
1657
11191
15722
15722
15722
16422
16422
14694
14694
14694
1657
16422
16422
16422
15722
1657
11191
11191
16422
16422
16422
16422
15722
16422
16422
16422
16422
16422
16422
16422
16422
16422
16422
16422
14694
14694
14694
14694
14694
14694
14694
14694
14694
11191
14694
14694
14694
14694
14694
11191
15722
15722
15722
15722
5862
11839
11839
11839
11839
11839
11839
11839
11839
15722
11191
11191
11385
11385
11385
11385
11385
11385
11385
11191
16130
16130
16130
16130
16130
16130
16130
16130
16130
16130
16130
11191
11191
11191
11191
11191
11191
16130
16130
16130
16130
16130
16130
16130
16130
16130
14668
14668
15670
15670
15670
15670
14668
14668
14668
14668
3517
3517
3517
3517
3517
3517
3517
3517
3517
3517
14744
14744
15949
15949
15949
15949
15949
15949
15949
15949
15949
10676
13041
14590
14590
15670
15670
15670
15670
15670
15670
15670
14668
14668
14668
14668
14668
14668
14668
14668
15670
15670
14744
15670
15670
14869
14869
14869
14869
14869
14869
15670
15670
9789
15670
15670
15670
14869
14869
14869
14869
14869
14869
14869
14869
14869
14744
14744
14744
14744
14744
14744
14744
14744
14744
14744
14744
14744
14744
14744
14744
14744
14744
14869
10676
10676
10676
10676
10676
10676
9789
14590
14590
14869
14869
11385
11385
11385
11385
11385
13041
13041
9789
9789
12736
12736
12736
12736
12736
12736
12736
14590
14590
13041
9608
9608
9608
14590
14590
11385
14590
14590
13041
9608
9608
9608
5862
9608
14590
14590
14590
9608
9608
14590
14590
14590
14590
14590
9608
9608
14590
5862
9608
9608
9608
9608
13041
5862
5862
11385
11385
11385
14668
9608
9608
9608
9608
9608
11385
11385
13041
14668
168
168
168
168
168
168
168
168
168
168
168
168
168
168
168
168
168
168
168
168
13041
13041
13041
13041
13041
5862
5862
5862
5862
13041
13041
13041
13041
3892
3892
3892
3892
3892
3892
3892
3892
3892
3892
3892
3892
3892
3892
3892
3892
13041
13041
13041
13903
11385
11385
13762
13762
13762
13762
13762
9789
9789
3892
3892
3892
3892
13762
13762
13762
642
642
642
642
642
642
642
642
642
642
642
642
642
642
642
642
642
642
642
13903
13762
13762
13762
13762
13762
13762
13181
13181
13181
13181
13181
13181
13181
13181
13181
13181
13181
13181
13181
13181
13181
13181
13181
13181
13181
13181
13903
13903
13903
13903
13903
13903
13903
13903
13903
13903
13903
13903
13903
13903
13762
13903
13903
13903
13903
13762
13762
13762
13762
13762
9789
9789
9789
3517
3517
9789
9789
9789
12736
12736
12736
12736
12736
12736
12736
12736
12736
12736
12736
12736
12736
9041
3517
3517
12446
3517
3517
3517
3517
3517
3517
9041
11652
11652
11652
11652
11652
11652
11652
11652
11652
10676
7572
7572
7572
7572
7572
7572
7572
7572
7572
7572
7572
7572
7572
7572
7572
7572
7572
7572
7572
7572
12446
12446
12446
12446
12446
12446
9789
10676
9789
9789
9789
9789
9789
12446
12446
12446
12446
12446
12446
12446
12446
12446
12446
9041
12446
12446
12446
9789
9789
10676
10676
9041
9041
9041
9041
9041
9041
9041
9041
9041
9041
9041
9041
9041
10676
10676
10676
10676
11652
11652
11652
11652
11652
11652
11652
11652
11652
11652
11652
10676
10676
10676
9041
9041
9041
10676
10676
9041
